0 0.189971 0.060547 0.051977 0.037760
0 0.400805 0.054036 0.054905 0.035156
0 0.090410 0.131510 0.056369 0.039062
0 0.088946 0.180990 0.053441 0.036458
0 0.146779 0.182943 0.053441 0.037760
0 0.086750 0.223958 0.049048 0.039062
0 0.083089 0.275391 0.053441 0.035156
0 0.140190 0.274089 0.050512 0.037760
0 0.188507 0.303385 0.028551 0.083333
0 0.131772 0.366536 0.048316 0.040365
0 0.135798 0.409505 0.051977 0.032552
0 0.083089 0.411458 0.046120 0.033854
0 0.069912 0.465495 0.056369 0.037760
0 0.135066 0.452474 0.050512 0.040365
0 0.136896 0.502604 0.052709 0.041667
0 0.133236 0.553385 0.052709 0.039062
0 0.076501 0.557943 0.054905 0.040365
0 0.073572 0.649740 0.069546 0.049479
0 0.135798 0.599609 0.054905 0.037760
0 0.136530 0.649089 0.051977 0.037760
0 0.085286 0.703776 0.054905 0.053385
0 0.137262 0.745443 0.046120 0.040365
0 0.140190 0.796224 0.044656 0.032552
0 0.083821 0.792969 0.056369 0.041667
0 0.125915 0.887370 0.046852 0.037760
0 0.256955 0.975260 0.058565 0.046875
0 0.290264 0.886719 0.047584 0.039062
0 0.340776 0.903646 0.043192 0.093750
0 0.292826 0.831380 0.054173 0.048177
0 0.239385 0.839844 0.048316 0.039062
0 0.232430 0.796224 0.059297 0.042969
0 0.287335 0.791667 0.046120 0.039062
0 0.288067 0.737630 0.050512 0.037760
0 0.241947 0.695964 0.047584 0.037760
0 0.239019 0.648438 0.049048 0.033854
0 0.293924 0.649089 0.047584 0.037760
0 0.293924 0.596354 0.046120 0.036458
0 0.239019 0.601562 0.050512 0.036458
0 0.240117 0.553385 0.048316 0.033854
0 0.291362 0.501302 0.054173 0.033854
0 0.234993 0.502604 0.052709 0.036458
0 0.235359 0.415365 0.051977 0.036458
0 0.291362 0.408854 0.051245 0.031250
0 0.288799 0.363281 0.053441 0.039062
0 0.297950 0.264974 0.049780 0.040365
0 0.244143 0.225260 0.050512 0.039062
0 0.245242 0.180990 0.045388 0.036458
0 0.296120 0.179688 0.044656 0.033854
0 0.261713 0.122396 0.063690 0.052083
0 0.397145 0.129557 0.051977 0.035156
0 0.454978 0.119792 0.046120 0.036458
0 0.450952 0.173177 0.046852 0.036458
0 0.395315 0.177734 0.049780 0.032552
0 0.449122 0.222005 0.049048 0.037760
0 0.392020 0.312500 0.049048 0.036458
0 0.445827 0.315104 0.049780 0.033854
0 0.448389 0.361328 0.051977 0.035156
0 0.449122 0.408203 0.050512 0.035156
0 0.391654 0.409505 0.049780 0.035156
0 0.393851 0.460938 0.049780 0.033854
0 0.447291 0.454427 0.048316 0.033854
0 0.399707 0.503255 0.051245 0.037760
0 0.401903 0.548828 0.043924 0.035156
0 0.453148 0.598307 0.051245 0.040365
0 0.400073 0.602865 0.049048 0.036458
0 0.403001 0.649089 0.047584 0.035156
0 0.451318 0.647135 0.046120 0.036458
0 0.452416 0.694010 0.048316 0.039062
0 0.399341 0.693359 0.051977 0.037760
0 0.400073 0.742839 0.051977 0.040365
0 0.404466 0.794922 0.047584 0.040365
0 0.462299 0.792318 0.050512 0.040365
0 0.447657 0.884115 0.054905 0.049479
0 0.613104 0.794271 0.053441 0.041667
0 0.612738 0.736979 0.045388 0.036458
0 0.559663 0.741536 0.051977 0.040365
0 0.558931 0.695964 0.050512 0.040365
0 0.618594 0.688151 0.049780 0.042969
0 0.563690 0.647135 0.051245 0.036458
0 0.559297 0.597656 0.049780 0.039062
0 0.554539 0.548177 0.053441 0.036458
0 0.615300 0.544922 0.047584 0.035156
0 0.614202 0.498698 0.048316 0.033854
0 0.617130 0.453125 0.054173 0.036458
0 0.562958 0.439453 0.060029 0.040365
0 0.512079 0.481120 0.027086 0.074219
0 0.556369 0.311198 0.049780 0.036458
0 0.622255 0.395833 0.049780 0.041667
0 0.610908 0.336589 0.047584 0.037760
0 0.610908 0.268229 0.047584 0.033854
0 0.557101 0.264323 0.046852 0.033854
0 0.557101 0.218099 0.045388 0.032552
0 0.554539 0.172526 0.050512 0.035156
0 0.556003 0.125000 0.051977 0.036458
0 0.616032 0.123698 0.051977 0.044271
0 0.715227 0.124349 0.046852 0.037760
0 0.765007 0.163411 0.043924 0.035156
0 0.711933 0.219401 0.044656 0.035156
0 0.765739 0.262370 0.038067 0.032552
0 0.717423 0.305339 0.039531 0.029948
0 0.771230 0.354167 0.047584 0.036458
0 0.718521 0.357422 0.051977 0.035156
0 0.719619 0.405599 0.051245 0.037760
0 0.673865 0.432292 0.027086 0.091146
0 0.770864 0.441406 0.049780 0.036458
0 0.721083 0.494141 0.057101 0.040365
0 0.724012 0.547526 0.060029 0.042969
0 0.767936 0.589193 0.046852 0.040365
0 0.770498 0.641927 0.046120 0.036458
0 0.712299 0.641927 0.043924 0.039062
0 0.716325 0.689453 0.050512 0.040365
0 0.722182 0.738932 0.065154 0.042969
0 0.713397 0.787109 0.047584 0.037760
0 0.769034 0.785156 0.043192 0.036458
0 0.846266 0.944661 0.045388 0.042969
0 0.879575 0.878255 0.049048 0.040365
0 0.933382 0.886068 0.046852 0.037760
0 0.936310 0.832682 0.055637 0.061198
0 0.930820 0.781901 0.047584 0.037760
0 0.932650 0.734375 0.046852 0.033854
0 0.877745 0.734375 0.052709 0.041667
0 0.879575 0.685547 0.043192 0.040365
0 0.932284 0.686849 0.056369 0.042969
0 0.935944 0.638672 0.049048 0.037760
0 0.933382 0.585286 0.051245 0.035156
0 0.875183 0.591797 0.050512 0.040365
0 0.872987 0.530599 0.049048 0.037760
0 0.927892 0.501953 0.050512 0.040365
0 0.928624 0.449219 0.047584 0.036458
0 0.870425 0.451172 0.049780 0.035156
0 0.873719 0.404297 0.044656 0.035156
0 0.931186 0.401693 0.048316 0.035156
0 0.873719 0.350260 0.044656 0.033854
0 0.924231 0.308594 0.049048 0.039062
0 0.869693 0.304688 0.046852 0.033854
0 0.871889 0.222656 0.051245 0.033854
0 0.870059 0.176432 0.041728 0.032552
0 0.873353 0.121745 0.048316 0.037760
