0 0.091874 0.125651 0.054905 0.040365
0 0.145681 0.118490 0.046852 0.044271
0 0.146779 0.178385 0.053441 0.039062
0 0.089678 0.175781 0.053441 0.036458
0 0.087848 0.218750 0.048316 0.039062
0 0.140556 0.269531 0.055637 0.039062
0 0.133602 0.361328 0.049048 0.037760
0 0.085652 0.406250 0.051245 0.036458
0 0.100293 0.455729 0.090776 0.044271
0 0.114202 0.451172 0.095168 0.048177
0 0.140190 0.498698 0.057833 0.041667
0 0.134334 0.548828 0.054905 0.037760
0 0.077599 0.552734 0.055637 0.040365
0 0.074671 0.643880 0.070278 0.050781
0 0.136896 0.595052 0.057101 0.039062
0 0.137628 0.644531 0.054173 0.039062
0 0.137994 0.738932 0.047584 0.042969
0 0.143485 0.790365 0.054173 0.036458
0 0.083821 0.787760 0.056369 0.041667
0 0.128111 0.880859 0.051245 0.040365
0 0.213763 0.910807 0.045388 0.082031
0 0.289898 0.882812 0.048316 0.041667
0 0.292826 0.828125 0.054173 0.046875
0 0.239019 0.837240 0.049048 0.039062
0 0.254758 0.792318 0.103953 0.042969
0 0.287701 0.789062 0.046852 0.036458
0 0.288067 0.733073 0.050512 0.036458
0 0.242679 0.692057 0.049048 0.037760
0 0.234627 0.645182 0.060761 0.037760
0 0.293924 0.645182 0.047584 0.037760
0 0.294656 0.593750 0.046120 0.036458
0 0.238653 0.597656 0.049780 0.036458
0 0.240483 0.549479 0.049048 0.033854
0 0.235725 0.499349 0.052709 0.035156
0 0.291728 0.498698 0.054905 0.033854
0 0.291728 0.406250 0.053441 0.036458
0 0.236457 0.411458 0.052709 0.036458
0 0.233895 0.357422 0.053441 0.042969
0 0.290264 0.360026 0.054905 0.040365
0 0.300146 0.261719 0.049780 0.039062
0 0.243045 0.273438 0.055637 0.039062
0 0.245608 0.221354 0.050512 0.036458
0 0.246706 0.175781 0.045388 0.036458
0 0.296852 0.175130 0.040264 0.032552
0 0.262811 0.117839 0.064422 0.050781
0 0.398609 0.125651 0.050512 0.035156
0 0.457174 0.117188 0.046120 0.036458
0 0.452782 0.170573 0.046120 0.036458
0 0.397511 0.174479 0.049780 0.033854
0 0.450586 0.220052 0.049048 0.036458
0 0.393119 0.309896 0.049780 0.036458
0 0.446925 0.313151 0.049048 0.032552
0 0.449122 0.360026 0.051977 0.035156
0 0.450586 0.406250 0.050512 0.036458
0 0.393119 0.407552 0.049780 0.036458
0 0.394583 0.458333 0.049780 0.033854
0 0.448389 0.452474 0.047584 0.035156
0 0.400439 0.501302 0.051245 0.036458
0 0.403001 0.546224 0.044656 0.035156
0 0.453880 0.596354 0.051245 0.039062
0 0.400805 0.601562 0.049048 0.036458
0 0.403734 0.647135 0.049048 0.036458
0 0.452416 0.645182 0.046852 0.037760
0 0.453148 0.692708 0.048316 0.039062
0 0.399707 0.691406 0.051245 0.039062
0 0.400439 0.740885 0.052709 0.039062
0 0.405564 0.793620 0.049780 0.040365
0 0.462665 0.791016 0.051245 0.040365
0 0.448023 0.882161 0.055637 0.050781
0 0.613470 0.793620 0.054173 0.040365
0 0.613470 0.736328 0.045388 0.035156
0 0.560395 0.741536 0.051977 0.040365
0 0.559663 0.694661 0.050512 0.040365
0 0.619326 0.688151 0.049780 0.042969
0 0.564422 0.646484 0.051245 0.037760
0 0.560395 0.597005 0.049048 0.037760
0 0.617130 0.595703 0.054173 0.040365
0 0.616032 0.543620 0.047584 0.035156
0 0.554905 0.546875 0.054173 0.036458
0 0.558565 0.499349 0.048316 0.035156
0 0.615666 0.497396 0.048316 0.033854
0 0.618960 0.452474 0.053441 0.035156
0 0.564788 0.438151 0.060761 0.040365
0 0.624451 0.395833 0.051245 0.041667
0 0.612372 0.335938 0.047584 0.036458
0 0.557833 0.309245 0.049780 0.035156
0 0.558565 0.261719 0.046852 0.033854
0 0.612738 0.268229 0.046852 0.033854
0 0.558931 0.216797 0.046120 0.032552
0 0.556369 0.171224 0.049780 0.035156
0 0.557833 0.123698 0.052709 0.036458
0 0.618228 0.121745 0.051977 0.042969
0 0.717057 0.123698 0.047584 0.039062
0 0.766837 0.163411 0.043192 0.035156
0 0.714129 0.218750 0.044656 0.033854
0 0.767936 0.262370 0.038067 0.032552
0 0.719253 0.305339 0.038799 0.029948
0 0.773060 0.354818 0.045388 0.035156
0 0.721083 0.357422 0.052709 0.035156
0 0.721449 0.404948 0.051977 0.036458
0 0.771962 0.443359 0.050512 0.037760
0 0.722548 0.494141 0.058565 0.040365
0 0.725110 0.547526 0.060761 0.040365
0 0.769400 0.589844 0.046852 0.039062
0 0.771962 0.642578 0.044656 0.035156
0 0.714129 0.642578 0.044656 0.037760
0 0.717423 0.689453 0.049780 0.040365
0 0.722182 0.738932 0.063690 0.042969
0 0.769400 0.786458 0.042460 0.036458
0 0.713763 0.787109 0.048316 0.037760
0 0.879941 0.880208 0.048316 0.039062
0 0.933748 0.889323 0.046120 0.039062
0 0.937409 0.835286 0.054905 0.063802
0 0.931918 0.784505 0.048316 0.037760
0 0.933748 0.735677 0.046120 0.033854
0 0.878843 0.735677 0.051977 0.041667
0 0.880674 0.687500 0.043924 0.039062
0 0.934114 0.689453 0.057101 0.040365
0 0.937409 0.641276 0.049048 0.037760
0 0.935212 0.587891 0.050512 0.035156
0 0.876281 0.593750 0.048316 0.036458
0 0.874451 0.531901 0.049048 0.037760
0 0.928990 0.503255 0.049780 0.040365
0 0.930454 0.451823 0.048316 0.036458
0 0.872255 0.452474 0.049048 0.035156
0 0.875915 0.404297 0.044656 0.035156
0 0.933382 0.403646 0.048316 0.033854
0 0.876281 0.352214 0.043924 0.032552
0 0.871889 0.306641 0.045388 0.032552
0 0.927160 0.310547 0.049048 0.037760
0 0.874817 0.223307 0.051245 0.035156
0 0.873353 0.177083 0.042460 0.031250
0 0.875549 0.122396 0.048316 0.039062
