0 0.089678 0.118490 0.054905 0.039062
0 0.143119 0.115885 0.047584 0.039062
0 0.145681 0.171875 0.054173 0.039062
0 0.087848 0.168620 0.054173 0.037760
0 0.087116 0.211589 0.051245 0.040365
0 0.138360 0.263672 0.055637 0.037760
0 0.131406 0.354167 0.049048 0.036458
0 0.083089 0.401042 0.049048 0.033854
0 0.080527 0.452474 0.055637 0.037760
0 0.133602 0.442057 0.051977 0.037760
0 0.136530 0.492188 0.054905 0.039062
0 0.076867 0.546224 0.058565 0.040365
0 0.131406 0.542969 0.053441 0.039062
0 0.133968 0.590495 0.054173 0.040365
0 0.133968 0.639323 0.049780 0.039062
0 0.071376 0.639974 0.069546 0.048177
0 0.142387 0.732422 0.062225 0.045573
0 0.142753 0.781901 0.061493 0.042969
0 0.082357 0.781250 0.057833 0.044271
0 0.128111 0.875000 0.054173 0.041667
0 0.105783 0.953125 0.063690 0.049479
0 0.288433 0.879557 0.048316 0.040365
0 0.291362 0.824219 0.054173 0.044271
0 0.237921 0.831380 0.046852 0.035156
0 0.230966 0.787760 0.059297 0.044271
0 0.286603 0.784505 0.046120 0.037760
0 0.287335 0.729167 0.050512 0.036458
0 0.241947 0.686198 0.050512 0.039062
0 0.237555 0.639974 0.049048 0.035156
0 0.293192 0.640625 0.047584 0.036458
0 0.293192 0.589193 0.044656 0.037760
0 0.238287 0.593099 0.050512 0.035156
0 0.238653 0.544271 0.048316 0.033854
0 0.234627 0.493490 0.053441 0.036458
0 0.290996 0.492839 0.054905 0.035156
0 0.292094 0.402344 0.051245 0.039062
0 0.234993 0.406250 0.052709 0.036458
0 0.234261 0.352214 0.051245 0.040365
0 0.289165 0.353516 0.054173 0.037760
0 0.298316 0.255859 0.049048 0.037760
0 0.241215 0.268880 0.054905 0.037760
0 0.244143 0.214844 0.050512 0.036458
0 0.297950 0.171224 0.046852 0.037760
0 0.261713 0.111979 0.063690 0.052083
0 0.397877 0.119141 0.050512 0.035156
0 0.456442 0.112630 0.046120 0.037760
0 0.451684 0.165365 0.046852 0.036458
0 0.396047 0.168620 0.049780 0.035156
0 0.449854 0.214193 0.050512 0.035156
0 0.446193 0.308594 0.050512 0.033854
0 0.392387 0.305339 0.051245 0.037760
0 0.448389 0.354167 0.051977 0.033854
0 0.449122 0.402344 0.050512 0.033854
0 0.392020 0.401042 0.049048 0.036458
0 0.447657 0.447266 0.047584 0.035156
0 0.393851 0.453125 0.049780 0.033854
0 0.399341 0.496094 0.051977 0.036458
0 0.401537 0.542318 0.044656 0.032552
0 0.452782 0.591146 0.051977 0.039062
0 0.399707 0.596354 0.048316 0.036458
0 0.401903 0.641927 0.048316 0.036458
0 0.451318 0.639974 0.046120 0.037760
0 0.451684 0.686849 0.048316 0.040365
0 0.398609 0.686198 0.051977 0.039062
0 0.398975 0.735677 0.052709 0.039062
0 0.404466 0.788411 0.049048 0.040365
0 0.461201 0.786458 0.049780 0.039062
0 0.446559 0.878906 0.055637 0.046875
0 0.612372 0.789714 0.053441 0.040365
0 0.612006 0.733073 0.045388 0.033854
0 0.558931 0.737630 0.051977 0.040365
0 0.558565 0.689453 0.049780 0.040365
0 0.618228 0.683594 0.050512 0.041667
0 0.563324 0.641927 0.050512 0.036458
0 0.559297 0.591797 0.049780 0.037760
0 0.616032 0.591146 0.053441 0.041667
0 0.614934 0.539714 0.046852 0.035156
0 0.554539 0.542969 0.053441 0.033854
0 0.557833 0.494141 0.046852 0.035156
0 0.614568 0.493490 0.047584 0.033854
0 0.617496 0.447917 0.053441 0.036458
0 0.563324 0.432943 0.060761 0.040365
0 0.557101 0.304688 0.049780 0.036458
0 0.611640 0.331380 0.047584 0.037760
0 0.611640 0.263021 0.047584 0.033854
0 0.557833 0.257161 0.046852 0.035156
0 0.557833 0.211589 0.045388 0.032552
0 0.556003 0.167318 0.050512 0.035156
0 0.557467 0.118490 0.051977 0.036458
0 0.617496 0.117839 0.051977 0.042969
0 0.716691 0.119141 0.046852 0.037760
0 0.766471 0.159505 0.043924 0.035156
0 0.713763 0.215495 0.045388 0.035156
0 0.767204 0.259115 0.039531 0.031250
0 0.718521 0.300781 0.038799 0.031250
0 0.719619 0.352865 0.051245 0.036458
0 0.771596 0.350911 0.046852 0.035156
0 0.720351 0.401693 0.051245 0.037760
0 0.771230 0.437500 0.050512 0.036458
0 0.721083 0.490234 0.058565 0.040365
0 0.724012 0.544271 0.061493 0.041667
0 0.767936 0.585286 0.046852 0.040365
0 0.770498 0.638021 0.046120 0.036458
0 0.712299 0.637370 0.043924 0.037760
0 0.715593 0.685547 0.050512 0.040365
0 0.722182 0.735026 0.066618 0.042969
0 0.712665 0.783203 0.047584 0.037760
0 0.767570 0.782552 0.041728 0.033854
0 0.876647 0.875651 0.049048 0.040365
0 0.931918 0.884766 0.043924 0.037760
0 0.934846 0.832682 0.054173 0.058594
0 0.929722 0.781250 0.046852 0.036458
0 0.930820 0.733073 0.046120 0.033854
0 0.931918 0.686198 0.055637 0.039062
0 0.878843 0.682292 0.043192 0.039062
0 0.876647 0.732422 0.051977 0.040365
0 0.934846 0.636719 0.048316 0.036458
0 0.932650 0.583984 0.051245 0.035156
0 0.874817 0.589844 0.051245 0.039062
0 0.872987 0.528646 0.049048 0.036458
0 0.870425 0.447917 0.049780 0.036458
0 0.874085 0.401693 0.043924 0.035156
0 0.874451 0.348307 0.044656 0.032552
0 0.870791 0.302734 0.046120 0.032552
0 0.873353 0.220703 0.051245 0.035156
0 0.871889 0.173828 0.042460 0.032552
0 0.874817 0.119141 0.048316 0.037760
0 0.925329 0.307943 0.048316 0.037760
0 0.931918 0.400391 0.048316 0.035156
0 0.928624 0.447917 0.047584 0.036458
0 0.927526 0.500651 0.049780 0.040365
