0 0.103587 0.039714 0.032943 0.035156
0 0.104685 0.149740 0.032211 0.033854
0 0.104319 0.188151 0.031479 0.029948
0 0.101025 0.223958 0.032211 0.033854
0 0.066252 0.259766 0.037335 0.042969
0 0.105783 0.258464 0.031479 0.027344
0 0.105051 0.297526 0.032943 0.032552
0 0.064788 0.332682 0.032943 0.029948
0 0.101757 0.333333 0.029283 0.031250
0 0.102489 0.367188 0.030747 0.031250
0 0.065886 0.367188 0.033675 0.033854
0 0.104685 0.405599 0.036603 0.035156
0 0.104685 0.445312 0.033675 0.033854
0 0.064788 0.437500 0.034407 0.033854
0 0.065886 0.511719 0.029283 0.031250
0 0.129941 0.516927 0.032943 0.039062
0 0.106515 0.550130 0.030015 0.035156
0 0.060395 0.546224 0.031479 0.040365
0 0.064056 0.591797 0.035871 0.027344
0 0.102489 0.591797 0.029283 0.027344
0 0.061493 0.643229 0.039531 0.039062
0 0.063324 0.674479 0.034407 0.028646
0 0.062225 0.717448 0.035139 0.033854
0 0.063690 0.754557 0.038067 0.027344
0 0.111274 0.712240 0.019034 0.059896
0 0.151537 0.723307 0.019034 0.058594
0 0.150439 0.817057 0.021230 0.066406
0 0.168375 0.889974 0.036603 0.032552
0 0.053075 0.896484 0.038799 0.045573
0 0.191801 0.725260 0.038067 0.031250
0 0.250732 0.694010 0.018302 0.070312
0 0.187408 0.687500 0.036603 0.033854
0 0.189605 0.647786 0.035139 0.037760
0 0.190337 0.608724 0.033675 0.032552
0 0.193265 0.565104 0.032211 0.041667
0 0.192533 0.524740 0.033675 0.031250
0 0.240849 0.533854 0.046852 0.067708
0 0.238653 0.488281 0.035139 0.028646
0 0.197657 0.490885 0.035139 0.036458
0 0.192899 0.457031 0.038799 0.041667
0 0.245242 0.450521 0.035139 0.031250
0 0.285505 0.439453 0.016105 0.069010
0 0.240849 0.418620 0.033675 0.035156
0 0.196925 0.417969 0.033675 0.031250
0 0.198023 0.382161 0.034407 0.029948
0 0.241215 0.383464 0.031479 0.029948
0 0.238653 0.349609 0.033675 0.035156
0 0.198389 0.345703 0.033675 0.029948
0 0.192167 0.313802 0.037335 0.036458
0 0.239019 0.315755 0.032943 0.032552
0 0.241947 0.279297 0.031479 0.035156
0 0.194363 0.274089 0.032943 0.032552
0 0.241581 0.241536 0.030747 0.035156
0 0.237921 0.203776 0.032211 0.037760
0 0.170937 0.195312 0.032943 0.033854
0 0.195461 0.153646 0.033675 0.031250
0 0.241581 0.152995 0.030747 0.029948
0 0.242679 0.120443 0.028551 0.029948
0 0.194363 0.115885 0.031479 0.033854
0 0.198023 0.082031 0.030015 0.031250
0 0.241215 0.078776 0.032943 0.032552
0 0.195095 0.047526 0.038799 0.040365
0 0.244510 0.014323 0.033675 0.028646
0 0.293192 0.125651 0.031479 0.042969
0 0.333089 0.062500 0.039531 0.046875
0 0.375183 0.053385 0.040264 0.039062
0 0.331625 0.167969 0.039531 0.044271
0 0.337482 0.203125 0.033675 0.033854
0 0.331625 0.240885 0.038067 0.039062
0 0.332723 0.277344 0.038799 0.036458
0 0.329063 0.312500 0.035871 0.033854
0 0.331991 0.355469 0.035871 0.033854
0 0.332723 0.391276 0.034407 0.027344
0 0.333821 0.435547 0.035139 0.029948
0 0.330161 0.471354 0.036603 0.031250
0 0.331991 0.507161 0.035871 0.032552
0 0.334553 0.541016 0.038067 0.035156
0 0.333089 0.581380 0.039531 0.037760
0 0.327599 0.617839 0.040264 0.029948
0 0.330893 0.652344 0.032211 0.028646
0 0.332357 0.693359 0.035139 0.032552
0 0.335286 0.731120 0.032211 0.029948
0 0.330161 0.748047 0.038067 0.061198
0 0.455710 0.968750 0.041728 0.046875
0 0.506223 0.728516 0.035871 0.032552
0 0.460469 0.657552 0.032211 0.028646
0 0.505490 0.658203 0.028551 0.024740
0 0.510615 0.621745 0.032943 0.032552
0 0.462665 0.620443 0.038067 0.035156
0 0.469985 0.578125 0.036603 0.031250
0 0.507687 0.577474 0.035871 0.032552
0 0.507687 0.541016 0.032943 0.027344
0 0.468887 0.541016 0.037335 0.029948
0 0.468887 0.501953 0.032943 0.035156
0 0.509151 0.507812 0.037335 0.036458
0 0.511347 0.464844 0.034407 0.031250
0 0.468887 0.464844 0.035871 0.031250
0 0.471083 0.427083 0.037335 0.031250
0 0.509151 0.420573 0.032943 0.026042
0 0.506589 0.388021 0.033675 0.031250
0 0.467057 0.389323 0.036603 0.028646
0 0.465227 0.352214 0.038799 0.035156
0 0.506955 0.354167 0.034407 0.031250
0 0.509151 0.313151 0.034407 0.032552
0 0.468887 0.312500 0.035871 0.033854
0 0.505857 0.276693 0.036603 0.032552
0 0.508419 0.202474 0.034407 0.035156
0 0.467423 0.201823 0.035871 0.036458
0 0.466691 0.161458 0.034407 0.033854
0 0.508419 0.164062 0.038799 0.031250
0 0.510981 0.122396 0.033675 0.031250
0 0.512445 0.086589 0.032211 0.035156
0 0.471083 0.089193 0.032943 0.035156
0 0.469619 0.050130 0.037335 0.032552
0 0.469619 0.015625 0.038799 0.031250
0 0.509517 0.016276 0.027818 0.032552
0 0.546120 0.141927 0.017570 0.046875
0 0.566618 0.314453 0.019034 0.061198
0 0.606515 0.021484 0.035871 0.032552
0 0.646779 0.021484 0.037335 0.032552
0 0.605783 0.094401 0.040264 0.040365
0 0.605783 0.134766 0.037335 0.035156
0 0.648243 0.136068 0.038799 0.037760
0 0.644217 0.171875 0.035139 0.031250
0 0.603587 0.170573 0.032943 0.031250
0 0.603953 0.210938 0.035139 0.033854
0 0.647877 0.208984 0.038067 0.035156
0 0.650439 0.248047 0.027086 0.029948
0 0.645315 0.289062 0.038799 0.033854
0 0.646413 0.326823 0.036603 0.031250
0 0.605051 0.325521 0.037335 0.033854
0 0.603953 0.361979 0.036603 0.028646
0 0.646047 0.361328 0.035871 0.029948
0 0.649707 0.404948 0.035871 0.033854
0 0.600293 0.402995 0.033675 0.032552
0 0.606149 0.436849 0.035139 0.032552
0 0.646413 0.439453 0.032211 0.029948
0 0.603587 0.513021 0.040264 0.033854
0 0.605783 0.550130 0.038799 0.032552
0 0.650439 0.554036 0.035871 0.032552
0 0.648609 0.595052 0.033675 0.031250
0 0.603221 0.585286 0.035139 0.035156
0 0.603221 0.638672 0.042460 0.037760
0 0.602489 0.684896 0.038067 0.041667
0 0.659590 0.712891 0.017570 0.066406
0 0.602123 0.730469 0.035871 0.044271
0 0.605783 0.766927 0.031479 0.026042
0 0.742313 0.748047 0.039531 0.032552
0 0.741581 0.715495 0.042460 0.037760
0 0.742313 0.669922 0.039531 0.040365
0 0.740117 0.623047 0.039531 0.037760
0 0.744876 0.574870 0.040264 0.035156
0 0.793192 0.570312 0.031479 0.028646
0 0.792094 0.536458 0.036603 0.036458
0 0.745608 0.533203 0.037335 0.029948
0 0.744143 0.494792 0.034407 0.031250
0 0.794290 0.500000 0.035139 0.028646
0 0.794290 0.463542 0.040996 0.036458
0 0.744876 0.459635 0.037335 0.033854
0 0.744143 0.421875 0.038799 0.031250
0 0.746340 0.385417 0.034407 0.031250
0 0.744510 0.347656 0.035139 0.026042
0 0.795022 0.343099 0.038067 0.032552
0 0.792460 0.306641 0.034407 0.032552
0 0.742313 0.313802 0.040996 0.044271
0 0.747438 0.267578 0.033675 0.035156
0 0.792826 0.269531 0.036603 0.033854
0 0.792826 0.219401 0.036603 0.029948
0 0.746706 0.223307 0.032211 0.027344
0 0.744510 0.180339 0.036603 0.029948
0 0.791728 0.180990 0.035871 0.031250
0 0.790630 0.139323 0.033675 0.036458
0 0.749268 0.142578 0.038799 0.037760
0 0.743045 0.102865 0.038067 0.031250
0 0.747804 0.061849 0.038799 0.029948
0 0.794656 0.066406 0.040264 0.041667
0 0.931552 0.108073 0.037335 0.036458
0 0.889824 0.221354 0.041728 0.041667
0 0.892021 0.297526 0.046120 0.032552
0 0.936310 0.335286 0.036603 0.035156
0 0.933382 0.375651 0.038067 0.029948
0 0.889458 0.376953 0.039531 0.045573
0 0.890922 0.410156 0.033675 0.031250
0 0.928258 0.410807 0.036603 0.032552
0 0.927160 0.450521 0.038799 0.031250
0 0.886896 0.450521 0.038799 0.031250
0 0.885798 0.483073 0.036603 0.031250
0 0.936310 0.485026 0.036603 0.029948
0 0.934480 0.530599 0.037335 0.029948
0 0.888726 0.527995 0.039531 0.035156
0 0.887994 0.606771 0.036603 0.036458
0 0.886164 0.641276 0.037335 0.029948
0 0.933016 0.639323 0.037335 0.031250
0 0.930820 0.681641 0.040264 0.035156
0 0.887628 0.678385 0.034407 0.028646
0 0.892387 0.722656 0.033675 0.031250
0 0.933016 0.720703 0.040264 0.032552
0 0.932284 0.798828 0.040264 0.035156
0 0.889824 0.798177 0.041728 0.041667
