0 0.103221 0.039714 0.033675 0.035156
0 0.107613 0.116536 0.029283 0.032552
0 0.065154 0.151693 0.036603 0.037760
0 0.105417 0.149740 0.030747 0.031250
0 0.104319 0.188802 0.031479 0.031250
0 0.101391 0.223958 0.032943 0.036458
0 0.105783 0.258464 0.031479 0.027344
0 0.066252 0.259115 0.037335 0.041667
0 0.105051 0.298177 0.032943 0.033854
0 0.101757 0.333333 0.029283 0.031250
0 0.064788 0.333333 0.032943 0.033854
0 0.065886 0.368490 0.033675 0.036458
0 0.102489 0.367839 0.030747 0.032552
0 0.105051 0.403646 0.035871 0.031250
0 0.104685 0.445312 0.033675 0.033854
0 0.066618 0.419271 0.036603 0.059896
0 0.066984 0.420573 0.037335 0.057292
0 0.102489 0.516276 0.032211 0.032552
0 0.066252 0.512370 0.030015 0.032552
0 0.060761 0.548177 0.032211 0.033854
0 0.106515 0.551432 0.030015 0.032552
0 0.064056 0.592448 0.035871 0.028646
0 0.059663 0.641927 0.041728 0.039062
0 0.063324 0.672526 0.032943 0.024740
0 0.062592 0.718099 0.035871 0.032552
0 0.063690 0.753906 0.038067 0.028646
0 0.110908 0.712240 0.018302 0.059896
0 0.120059 0.830078 0.030747 0.066406
0 0.062958 0.899089 0.035139 0.040365
0 0.191801 0.725260 0.038067 0.031250
0 0.250732 0.693359 0.018302 0.069010
0 0.188141 0.684896 0.035139 0.028646
0 0.188141 0.645833 0.039531 0.033854
0 0.189971 0.610026 0.032943 0.035156
0 0.193265 0.565755 0.033675 0.042969
0 0.240117 0.536458 0.048316 0.075521
0 0.192533 0.524740 0.033675 0.031250
0 0.197291 0.490885 0.035871 0.036458
0 0.238653 0.487630 0.035139 0.029948
0 0.245608 0.450521 0.034407 0.031250
0 0.240849 0.418620 0.033675 0.035156
0 0.196193 0.419922 0.033675 0.035156
0 0.196559 0.381510 0.034407 0.031250
0 0.241581 0.384115 0.030747 0.028646
0 0.239385 0.349609 0.035139 0.035156
0 0.198023 0.345703 0.032943 0.029948
0 0.191801 0.313151 0.036603 0.035156
0 0.240117 0.317057 0.035139 0.032552
0 0.242313 0.279297 0.030747 0.035156
0 0.193997 0.274089 0.033675 0.029948
0 0.191069 0.235026 0.032211 0.027344
0 0.241581 0.242188 0.030747 0.036458
0 0.237921 0.204427 0.032211 0.039062
0 0.190337 0.204427 0.035139 0.033854
0 0.144217 0.177734 0.019034 0.071615
0 0.239751 0.152995 0.028551 0.029948
0 0.243411 0.120443 0.028551 0.029948
0 0.194729 0.115234 0.030747 0.035156
0 0.198023 0.081380 0.030015 0.032552
0 0.195461 0.048177 0.039531 0.041667
0 0.240117 0.045573 0.033675 0.039062
0 0.243411 0.079427 0.028551 0.031250
0 0.244876 0.012370 0.032943 0.024740
0 0.332357 0.063151 0.039531 0.048177
0 0.375549 0.053385 0.040996 0.039062
0 0.331259 0.169271 0.040264 0.044271
0 0.337482 0.207031 0.035139 0.039062
0 0.333455 0.277344 0.040264 0.039062
0 0.329063 0.313151 0.035871 0.035156
0 0.333455 0.391276 0.034407 0.027344
0 0.333821 0.435547 0.035139 0.029948
0 0.330161 0.471354 0.036603 0.031250
0 0.323572 0.504557 0.035139 0.032552
0 0.334553 0.541016 0.038067 0.037760
0 0.333089 0.581380 0.039531 0.037760
0 0.328697 0.618490 0.038067 0.028646
0 0.332357 0.691406 0.035139 0.033854
0 0.335286 0.731120 0.032211 0.029948
0 0.330161 0.748698 0.039531 0.062500
0 0.455710 0.968750 0.041728 0.046875
0 0.642021 0.836589 0.035139 0.035156
0 0.510249 0.770182 0.033675 0.035156
0 0.505857 0.729167 0.036603 0.033854
0 0.461201 0.658203 0.033675 0.029948
0 0.505124 0.658854 0.029283 0.026042
0 0.510249 0.622396 0.033675 0.033854
0 0.462299 0.620443 0.037335 0.032552
0 0.469985 0.578125 0.036603 0.031250
0 0.507687 0.576823 0.035871 0.033854
0 0.507687 0.541667 0.032943 0.028646
0 0.468521 0.541667 0.036603 0.031250
0 0.468155 0.505859 0.034407 0.035156
0 0.508785 0.507812 0.038067 0.039062
0 0.511347 0.466146 0.034407 0.033854
0 0.468887 0.466146 0.035871 0.033854
0 0.469985 0.427734 0.038067 0.029948
0 0.509151 0.421224 0.032943 0.027344
0 0.506589 0.389323 0.035139 0.028646
0 0.467057 0.389323 0.036603 0.028646
0 0.465959 0.350260 0.037335 0.031250
0 0.525622 0.356120 0.035139 0.037760
0 0.509151 0.315104 0.034407 0.036458
0 0.468887 0.311849 0.035871 0.032552
0 0.467789 0.276693 0.038067 0.032552
0 0.506589 0.276693 0.035139 0.032552
0 0.508419 0.202474 0.034407 0.035156
0 0.467057 0.202474 0.035139 0.035156
0 0.466691 0.161458 0.034407 0.033854
0 0.508419 0.164062 0.038799 0.031250
0 0.510615 0.122396 0.034407 0.031250
0 0.512445 0.086589 0.032211 0.035156
0 0.470717 0.089193 0.033675 0.035156
0 0.469619 0.016927 0.038799 0.033854
0 0.509883 0.016276 0.027086 0.032552
0 0.606515 0.022135 0.035871 0.033854
0 0.646779 0.021484 0.037335 0.032552
0 0.606149 0.092448 0.038067 0.036458
0 0.605783 0.134766 0.037335 0.035156
0 0.648243 0.136068 0.038799 0.037760
0 0.644217 0.171875 0.035139 0.031250
0 0.603953 0.170573 0.032211 0.031250
0 0.606149 0.208984 0.038067 0.032552
0 0.647877 0.208333 0.038067 0.033854
0 0.651903 0.248698 0.032943 0.031250
0 0.602855 0.250000 0.043192 0.036458
0 0.644217 0.292318 0.035139 0.027344
0 0.646047 0.327474 0.037335 0.029948
0 0.605051 0.325521 0.038799 0.033854
0 0.603587 0.361979 0.037335 0.031250
0 0.645681 0.361979 0.036603 0.031250
0 0.649707 0.404948 0.035871 0.033854
0 0.600293 0.403646 0.033675 0.033854
0 0.606149 0.437500 0.035139 0.033854
0 0.646413 0.439453 0.032211 0.029948
0 0.644949 0.519531 0.038067 0.039062
0 0.604685 0.511068 0.038067 0.032552
0 0.601391 0.549479 0.035871 0.031250
0 0.650805 0.554036 0.035139 0.032552
0 0.653368 0.594401 0.031479 0.027344
0 0.603221 0.583984 0.033675 0.032552
0 0.603221 0.638672 0.042460 0.037760
0 0.602489 0.685547 0.038067 0.040365
0 0.602489 0.725911 0.035139 0.032552
0 0.659224 0.712891 0.018302 0.066406
0 0.605417 0.770833 0.032211 0.031250
0 0.743045 0.748698 0.039531 0.028646
0 0.741215 0.716146 0.043192 0.039062
0 0.802343 0.709635 0.023426 0.067708
0 0.741947 0.671224 0.040264 0.040365
0 0.741581 0.624349 0.042460 0.035156
0 0.745242 0.574219 0.039531 0.033854
0 0.793558 0.570964 0.036603 0.029948
0 0.792094 0.537760 0.036603 0.036458
0 0.745974 0.532552 0.035139 0.028646
0 0.744143 0.496094 0.034407 0.031250
0 0.744876 0.458984 0.037335 0.035156
0 0.793924 0.466146 0.041728 0.044271
0 0.744143 0.421875 0.038799 0.031250
0 0.746706 0.382812 0.033675 0.028646
0 0.743411 0.348307 0.035871 0.027344
0 0.794656 0.343750 0.038799 0.036458
0 0.742679 0.309245 0.040264 0.035156
0 0.747438 0.266927 0.033675 0.033854
0 0.792460 0.270182 0.037335 0.037760
0 0.745242 0.231120 0.035139 0.042969
0 0.792826 0.221354 0.036603 0.031250
0 0.792094 0.180990 0.036603 0.031250
0 0.743777 0.180990 0.038067 0.033854
0 0.790996 0.139323 0.034407 0.039062
0 0.794656 0.066406 0.040264 0.041667
0 0.747438 0.065755 0.039531 0.037760
0 0.931918 0.107422 0.036603 0.032552
0 0.889458 0.222005 0.042460 0.042969
0 0.887628 0.345703 0.041728 0.050781
0 0.934480 0.335938 0.040264 0.041667
0 0.933016 0.375000 0.038799 0.031250
0 0.890922 0.372396 0.036603 0.033854
0 0.890556 0.410807 0.034407 0.032552
0 0.928258 0.411458 0.036603 0.033854
0 0.927526 0.451172 0.038067 0.032552
0 0.902269 0.455729 0.073939 0.044271
0 0.839678 0.457682 0.019034 0.069010
0 0.886164 0.483724 0.035871 0.029948
0 0.889092 0.527995 0.038799 0.032552
0 0.934480 0.530599 0.037335 0.032552
0 0.928990 0.567057 0.035139 0.029948
0 0.892021 0.562500 0.032943 0.031250
0 0.887994 0.605469 0.036603 0.036458
0 0.931186 0.607422 0.038067 0.040365
0 0.934480 0.639974 0.032943 0.027344
0 0.886164 0.644531 0.038799 0.036458
0 0.887994 0.678385 0.033675 0.028646
0 0.931186 0.679688 0.039531 0.031250
0 0.933016 0.720703 0.040264 0.032552
0 0.892021 0.722005 0.034407 0.029948
0 0.889824 0.796875 0.041728 0.039062
0 0.932650 0.798177 0.039531 0.033854
