0 0.013909 0.182943 0.027818 0.061198
0 0.103221 0.039714 0.033675 0.035156
0 0.065520 0.151693 0.035871 0.037760
0 0.107247 0.152995 0.032943 0.035156
0 0.104319 0.188802 0.031479 0.031250
0 0.101391 0.223307 0.032943 0.035156
0 0.066984 0.257812 0.037335 0.039062
0 0.106149 0.258464 0.032211 0.027344
0 0.105051 0.298177 0.032943 0.033854
0 0.065520 0.298177 0.035871 0.036458
0 0.064422 0.335938 0.033675 0.036458
0 0.100659 0.332031 0.031479 0.031250
0 0.102123 0.368490 0.031479 0.033854
0 0.104685 0.404948 0.036603 0.033854
0 0.066984 0.421224 0.037335 0.061198
0 0.066618 0.421875 0.038067 0.062500
0 0.104685 0.444661 0.033675 0.032552
0 0.132504 0.481120 0.019034 0.061198
0 0.102489 0.516276 0.032211 0.032552
0 0.066618 0.511719 0.030747 0.031250
0 0.064422 0.548177 0.032211 0.028646
0 0.106515 0.550781 0.030015 0.031250
0 0.064056 0.592448 0.035871 0.028646
0 0.060395 0.643229 0.038799 0.039062
0 0.063690 0.675130 0.033675 0.027344
0 0.063324 0.718750 0.037335 0.033854
0 0.064056 0.754557 0.038799 0.024740
0 0.112006 0.712240 0.020498 0.059896
0 0.148975 0.778646 0.021230 0.065104
0 0.097365 0.895182 0.036603 0.037760
0 0.191435 0.725911 0.037335 0.029948
0 0.250366 0.693359 0.017570 0.069010
0 0.188141 0.685547 0.036603 0.029948
0 0.189605 0.610677 0.032211 0.036458
0 0.193265 0.565755 0.033675 0.042969
0 0.192533 0.524740 0.033675 0.031250
0 0.240483 0.533854 0.047584 0.067708
0 0.239019 0.487630 0.034407 0.029948
0 0.194363 0.488932 0.035871 0.029948
0 0.196193 0.454427 0.036603 0.033854
0 0.245608 0.436198 0.034407 0.059896
0 0.240849 0.418620 0.033675 0.035156
0 0.240483 0.384115 0.032943 0.031250
0 0.196193 0.382161 0.035139 0.032552
0 0.198023 0.345052 0.032943 0.028646
0 0.238287 0.350260 0.034407 0.036458
0 0.282211 0.352214 0.016837 0.069010
0 0.191801 0.313802 0.038067 0.036458
0 0.194363 0.274089 0.032943 0.032552
0 0.242313 0.279948 0.030747 0.033854
0 0.241581 0.241536 0.030747 0.035156
0 0.193631 0.235026 0.027086 0.027344
0 0.190703 0.205078 0.034407 0.035156
0 0.237921 0.203125 0.032211 0.036458
0 0.239751 0.152995 0.028551 0.029948
0 0.243411 0.120443 0.028551 0.029948
0 0.194363 0.115885 0.031479 0.036458
0 0.198023 0.081380 0.030015 0.032552
0 0.243045 0.079427 0.029283 0.031250
0 0.292826 0.098307 0.019034 0.074219
0 0.240117 0.046224 0.033675 0.037760
0 0.195461 0.046875 0.039531 0.039062
0 0.244876 0.011719 0.032943 0.023438
0 0.332723 0.057943 0.038799 0.037760
0 0.375549 0.053385 0.040996 0.039062
0 0.331259 0.167969 0.040264 0.041667
0 0.336750 0.209635 0.036603 0.046875
0 0.333089 0.276693 0.039531 0.037760
0 0.329429 0.312500 0.036603 0.033854
0 0.337482 0.354167 0.046852 0.041667
0 0.333089 0.391276 0.033675 0.027344
0 0.333821 0.434896 0.035139 0.028646
0 0.330161 0.471354 0.036603 0.031250
0 0.332723 0.506510 0.038799 0.031250
0 0.334553 0.541016 0.038067 0.035156
0 0.333455 0.581380 0.038799 0.037760
0 0.329063 0.617188 0.038799 0.028646
0 0.332723 0.661458 0.037335 0.036458
0 0.332723 0.693359 0.034407 0.029948
0 0.335286 0.731120 0.030747 0.029948
0 0.330161 0.747396 0.038067 0.059896
0 0.375183 0.757161 0.037335 0.035156
0 0.373353 0.905599 0.033675 0.035156
0 0.456076 0.968099 0.042460 0.042969
0 0.539898 0.959635 0.037335 0.033854
0 0.647877 0.906250 0.036603 0.031250
0 0.566984 0.774740 0.034407 0.041667
0 0.510615 0.770833 0.032943 0.033854
0 0.465959 0.728516 0.034407 0.032552
0 0.506223 0.727865 0.035871 0.033854
0 0.601391 0.725911 0.037335 0.032552
0 0.659956 0.712891 0.019766 0.066406
0 0.741215 0.733724 0.043192 0.058594
0 0.743045 0.715495 0.043924 0.040365
0 0.801977 0.710938 0.024158 0.070312
0 0.892021 0.722656 0.034407 0.031250
0 0.889824 0.799479 0.041728 0.044271
0 0.932650 0.797526 0.039531 0.032552
0 0.933016 0.720703 0.040264 0.032552
0 0.931186 0.680339 0.039531 0.032552
0 0.887262 0.678385 0.036603 0.028646
0 0.741215 0.671224 0.041728 0.042969
0 0.602489 0.686198 0.038067 0.041667
0 0.505124 0.658203 0.029283 0.024740
0 0.461567 0.657552 0.034407 0.028646
0 0.462665 0.621745 0.038067 0.037760
0 0.510615 0.621094 0.032943 0.031250
0 0.603587 0.637370 0.041728 0.037760
0 0.650073 0.597005 0.038067 0.037760
0 0.741581 0.625651 0.042460 0.037760
0 0.885798 0.646484 0.039531 0.040365
0 0.934480 0.639974 0.032943 0.027344
0 0.931186 0.606120 0.038067 0.037760
0 0.889092 0.602865 0.034407 0.028646
0 0.745974 0.572917 0.038067 0.031250
0 0.603953 0.583984 0.036603 0.032552
0 0.507687 0.577474 0.035871 0.032552
0 0.469985 0.577474 0.036603 0.029948
0 0.467423 0.541667 0.034407 0.031250
0 0.507687 0.540365 0.032943 0.028646
0 0.601025 0.550130 0.036603 0.032552
0 0.650805 0.553385 0.035139 0.031250
0 0.745974 0.533203 0.035139 0.029948
0 0.792094 0.537760 0.036603 0.039062
0 0.892021 0.562500 0.032943 0.031250
0 0.928990 0.566406 0.035139 0.028646
0 0.934480 0.530599 0.037335 0.032552
0 0.888726 0.527344 0.039531 0.033854
0 0.793192 0.500651 0.037335 0.027344
0 0.744143 0.494792 0.034407 0.031250
0 0.644949 0.519531 0.038067 0.039062
0 0.603953 0.510417 0.039531 0.033854
0 0.467789 0.508464 0.033675 0.032552
0 0.453880 0.470703 0.036603 0.040365
0 0.510981 0.466797 0.035139 0.035156
0 0.603221 0.440104 0.035139 0.033854
0 0.647877 0.440104 0.035139 0.031250
0 0.744510 0.458984 0.038067 0.032552
0 0.793924 0.464844 0.040264 0.039062
0 0.886896 0.484375 0.034407 0.028646
0 0.933382 0.490234 0.033675 0.029948
0 0.927160 0.450521 0.038799 0.031250
0 0.885798 0.454427 0.040996 0.041667
0 0.788433 0.419922 0.043924 0.061198
0 0.744143 0.421875 0.038799 0.031250
0 0.649707 0.405599 0.035871 0.032552
0 0.600293 0.402344 0.033675 0.031250
0 0.508419 0.421224 0.034407 0.027344
0 0.469985 0.427083 0.038067 0.028646
0 0.467057 0.389323 0.036603 0.028646
0 0.506223 0.389323 0.034407 0.028646
0 0.509883 0.359375 0.037335 0.031250
0 0.603587 0.361979 0.037335 0.031250
0 0.606515 0.324219 0.034407 0.028646
0 0.646413 0.326823 0.036603 0.028646
0 0.745974 0.382812 0.035139 0.028646
0 0.743777 0.348307 0.035139 0.027344
0 0.794656 0.343099 0.038799 0.035156
0 0.890922 0.410807 0.035139 0.032552
0 0.928258 0.412109 0.036603 0.035156
0 0.933382 0.375651 0.038067 0.029948
0 0.889824 0.377604 0.038799 0.041667
0 0.888726 0.337891 0.039531 0.035156
0 0.935944 0.333333 0.037335 0.036458
0 0.890922 0.219401 0.039531 0.035156
0 0.792460 0.269531 0.037335 0.033854
0 0.742679 0.309245 0.040264 0.035156
0 0.747804 0.266927 0.032943 0.033854
0 0.644583 0.291016 0.034407 0.027344
0 0.607979 0.289062 0.034407 0.028646
0 0.509151 0.313802 0.034407 0.033854
0 0.468887 0.313151 0.034407 0.032552
0 0.468521 0.276042 0.036603 0.031250
0 0.506589 0.276693 0.035139 0.029948
0 0.602489 0.249349 0.042460 0.035156
0 0.653368 0.248047 0.032943 0.032552
0 0.746706 0.223307 0.032211 0.027344
0 0.792094 0.182943 0.036603 0.035156
0 0.744510 0.180990 0.036603 0.031250
0 0.647511 0.208333 0.038799 0.033854
0 0.605783 0.208984 0.037335 0.032552
0 0.467057 0.202474 0.035139 0.035156
0 0.466325 0.161458 0.035139 0.033854
0 0.508053 0.165365 0.039531 0.033854
0 0.603953 0.170573 0.032211 0.031250
0 0.606149 0.134766 0.038067 0.035156
0 0.648609 0.136068 0.038067 0.037760
0 0.790630 0.140625 0.033675 0.041667
0 0.887628 0.146484 0.041728 0.040365
0 0.931186 0.108724 0.038067 0.035156
0 0.745974 0.105469 0.036603 0.033854
0 0.606515 0.092448 0.037335 0.036458
0 0.510615 0.122396 0.034407 0.031250
0 0.471083 0.089844 0.034407 0.033854
0 0.512079 0.085938 0.032943 0.033854
0 0.505857 0.050781 0.032211 0.033854
0 0.464495 0.015625 0.030015 0.031250
0 0.509517 0.015625 0.027818 0.031250
0 0.553807 0.058594 0.018302 0.078125
0 0.606881 0.021484 0.035139 0.032552
0 0.646779 0.021484 0.037335 0.032552
0 0.747804 0.063151 0.038799 0.032552
0 0.795022 0.065755 0.039531 0.040365
